19476.92659600407
19314.463835217448
19065.153837148988
19620.567543591394
20345.398520106643
20161.830614985047
19949.051041418512
19457.308951251147
19418.037989243952
19448.14900175761
19142.694767392895
19058.628039738272
19153.039779986986
19383.9432200889
19198.107144951755
19072.780513358884
19272.921847772006
19557.895548868444
19348.029368810374
19134.242664465204
19031.15987195947
19173.28046885863
19203.86547117714
19574.824231840797
19316.94062294213
20095.152230674925
20774.247496426033
20278.36623205219
20591.241208098614
20800.70708772471
20623.871497040946
20494.60120983709
20489.646203160763
20162.980904822525
20210.912417111318
21150.315583912397
21282.985109422694
20906.99792695512
20597.755017060834
18562.353215089643
15742.444335961438
17594.923500278233
17080.215260565037
16797.98748257006
16344.342316001042
16645.828500283515
16890.52938386464
16689.39673273771
16718.361228055077
16707.022778986535
16712.729525794817
16304.07685562355
15814.335280855257
16171.628978315088
16608.00998544357
16596.03575847268
16524.449007720887
16456.156062496684
16459.149543755877
16222.210728731225
16441.979978419113
17186.502572066118