19608.397493423083
19407.447430262473
19268.227002666128
19310.233218521833
20257.012328592882
20188.779663973284
20566.68722377
21660.596837075183
21858.818749217564
21589.628101459668
20859.81407965063
19998.467839575842
19350.73735007727
20225.23866433186
20574.84059150044
20794.811981436706
21193.08334336837
20824.36275165164
22395.365383103952
23366.90769792785
23313.296731959555
23155.207555248304
22696.902754290055
22506.199573628986
22613.719208248454
21330.295450788173
21235.612316085775
22908.884260468687
23822.067597823116
23847.58331873861
23653.459549430798
23379.70052509082
23333.749243312184
23053.846847482677
22860.42098438317
22678.363633874185
23225.036201942938
22984.57953144855
23197.603469525384
23823.679442453606
23203.680696781623
23948.829553271633
23948.75170368143
24411.379871522615
24433.653747243658
24312.541424891562
24179.014652309197
23913.333725628458
23359.418837070007
23248.38422819264
20945.8339660496
21175.232732989512
21615.761693416986
21387.747114773963
21562.45153991356
21395.45846975991
21618.009019176647
20271.322951706014
20069.953331596196
19659.24670619362
20308.861447891457
19805.35069885804
20023.55444491251
20153.975977982507
19941.451370047158
19814.5642451146
19980.013222242276
19785.73350185514
18859.500087680277
19280.62547645678
19322.77774937157
21359.58252557909
21707.38731931814
21739.80437979554
22339.67050262336
20184.96749189655
20255.922978327133
19702.169889811717
19764.411712043777
20131.675305714027
19437.157867982634
19570.386709523507
18869.928809390534
18539.63523831258
19464.322663348466
19291.904802452067
18939.970580499372
18809.41143933244
19219.727780656474
19116.331160710437
19444.787771362975
19563.765161776904
19476.92659600407
19314.463835217448
19065.153837148988
19620.567543591394
20345.398520106643
20161.830614985047
19949.051041418512
19457.308951251147
19418.037989243952
19448.14900175761
19142.694767392895
19058.628039738272
19153.039779986986
19383.9432200889
19198.107144951755
19072.780513358884
19272.921847772006
19557.895548868444
19348.029368810374
19134.242664465204
19031.15987195947
19173.28046885863
19203.86547117714
19574.824231840797
19316.94062294213
20095.152230674925
20774.247496426033
20278.36623205219
20591.241208098614
20800.70708772471
20623.871497040946
20494.60120983709
20489.646203160763
20162.980904822525
20210.912417111318
21150.315583912397
21282.985109422694
20906.99792695512
20597.755017060834
18562.353215089643
15742.444335961438
17594.923500278233
17080.215260565037
16797.98748257006
16344.342316001042
16645.828500283515
16890.52938386464
16689.39673273771
16718.361228055077
16707.022778986535
16712.729525794817
16304.07685562355
15814.335280855257
16171.628978315088
16608.00998544357
16596.03575847268
16524.449007720887
16456.156062496684
16459.149543755877
16222.210728731225
16441.979978419113
17186.502572066118
16972.73406077455
17084.87334047068
16923.38287008033
17149.93175096291
16973.372577553495
17085.64314125141
16851.30346863184
17235.014157992136
17149.824203925327
17125.364927688952
17101.038019732932
17179.596038203494
17784.162894053265
17808.71617265881
17338.358126632633
16623.75782614431
16806.48559206152
16742.816663834055
16422.562273279298
16899.331969046758
16816.85370118997
16824.790162441503
16791.45543916491
16848.568708323422
16842.177039905502
16900.081871938084
16701.840210667935