46319.65108805251
47816.07767640849
47387.212167697246
46531.140860530526
45938.02427172366
43647.147508068054
43216.45867693359
41527.197042644846
41756.66232397826
41862.3609856517
41869.85905559219
42777.211020482355
43981.87732717414
42608.41001195019
43120.85451108056
43226.65026980921
43119.79214308028
42298.341116872325
42395.45879157343
41749.55143098559
40707.6824143097
36508.799789830824
35180.435462830384
36306.409440464704
36774.00714224005
36988.928510667356
36870.440166930995
37276.839558174994
37852.57902803263
38232.17873217708
37983.151499406464
38555.53446121157
38835.69494322237
37000.98249864199
37101.351593780935
41673.8395543094
41493.690050910525
42475.543220951215
43910.929986443094
44184.447511676175
44383.88805541707
43628.13953235228
42445.38876793804
42254.738123237206
42247.83595326771
42634.573783663065
44574.32057099816
44063.28198279571
40562.98694982819
40073.495362369824
40192.75912143141
38514.00853622455
37059.979402287514
38337.2038554348
37372.2926803477
38363.345488570165
39316.16207578596
39090.202153609054
37803.59016044929
43225.404677435734
44459.59162774341
43980.707382090906
42491.97839335905
39200.29973557414
39463.14681149058
38442.99174588676
38076.49382252028
38732.93701302586
41986.03444607623
39468.35477300189
38775.17558840679
38903.69354800599
37852.52514106289
39669.423812004505
39331.84654059453
41165.63506140341
41001.70957801974
41837.41313797566
42201.939920688186
41283.25900104565
41061.81589384987
42401.895597489434
42802.15471016985
43936.09623454058
44331.77795706412
44510.84421762133
46715.1176185105
46994.879118357465
47459.261237539096
47063.36584996355
45528.40715313835
46270.20070585378
45842.14476317382
46434.562982661664
46622.63571309101
45635.45438126673
43198.77526936491
43515.15032279806
42315.70972421807
42796.39747810973
42274.907370256085
39603.965159284155
40205.67794073206
41205.16871904067
39959.457069033735
40586.59730938673
40450.37930543977
39739.11925622209
40833.5379650337
41498.12244669832
41397.220477279625
40528.54148675958
39756.848993471016
39561.78019075613
39469.04986198146
40488.877917622376
38134.21545068938
39237.94931747103
39741.766645809636
38650.55013809267
37820.61176529208
38537.65476669535
38561.56539902362
37758.496107734
39699.02404125388
36612.229548803036
36116.394294982965
35573.31019883488
34070.31219757961
30269.586956629482
31026.93386836242
28913.48836365432
29126.11597686014
29310.728959858257
30189.333177005963
31319.309111130002
29923.606993639707
30502.19328027689
28772.200501112577
30382.40624219559
29256.813374416255
29491.507947760598
30351.050417138096
29163.167775739188
29655.02613175249
29584.949851985926
29346.781442431617
28646.65218193245
29088.236452817226
29492.503214953642
31740.94072516695
31865.749621173167
29833.450330205254
30481.013996026013
29714.143487149733
29872.3603087139
29917.764052456198
31372.5847629755
31265.469277693348
30229.236836130378
30101.187521431468
29101.2982596468
28374.14499732395
26767.269173221313
22525.768350391198
22244.848968001315
22529.198114649807
20408.690490591813
20473.05288079512
19047.41782828195
20516.41197977524
20636.75891240637
20700.923933039136
19983.566482863105
21100.270533511088
21262.71348295613
21525.88036221139
21052.80539783573
20751.477530790766
20282.542479269694
20108.529472889782