29022.41839530417
29352.12679194895
32163.824935335215
33008.226203489285
31515.575966658354
34082.20604904424
36933.520137309126
39547.08408135567
40815.96185478254
40296.5290038294
38397.895985418174
35669.90668663349
33938.33587810088
37456.00772548642
39232.74997140346
36787.52121668496
36254.713079410845
35804.263885674685
36595.4647692826
36104.86385775514
35587.489202735545
30913.695736053804
32957.908782655926
32068.08737440817
32273.51735032927
32375.320062981456
32582.10944502123
30445.52586511351
33128.34752861149
34150.81876737221
34199.51981036302
33064.78676701507
33405.99035714327
35485.98593382442
37494.71762460426
36816.50808203406
38007.83222908396
39279.41286897885
38833.34026455532
46307.57412159395
46569.56483
44848.69344950499
47815.96175554316
47414.1862550079
46941.29208582354
48607.8745224845
47898.487027633135
49238.13690672487
52143.6788446198
51733.075539032034
56038.72775892988
56377.63347790987
57669.3035269179
54410.85629451601
48691.894831704405
49849.378713583144
46992.665450048495
46551.48747675472
46653.52639939581
44970.163459946736
49787.33995949672
48532.23678981703
50577.45746915202
48727.45120080115
49091.81488232977
49019.36859236582
51313.09262027362
52328.5359126325
54700.273439277444
56020.4877195857
57788.86810329514
57353.86147197248
61315.197932766816
59428.967566027764
55805.32924923426
56830.253335076224
59014.92563205099
57922.40959262911
58243.27060892363
58376.15847137206